103031238
103048213
104070036
105000017
105000044
105021108
105021121
105021208
105021217
105021221
105021224
105033133
105062237
105062272
105072145
106000103
106000105
106000115
106000212
106000266
106011105
106021229
106033233
106034071
106062106
106062113
106062119
106062122
106062130
106062131
106062140
106062202
106062203
106062210
106062222
106062223
106062230
106062240
106062271
106062306
106062320
106062324
106062361
106070002
106070011
106070032
106070038
106072123
106081005
1071029s
1071046s
1071059s
1071069s
1071070s